20 0 479 494 803 846 867 1156 1257 1346 1376 1499 1569 1634 2158 2391 2667 2869 3116 3841 3932
9 1 857 1647 1698 1820 2255 2345 2507 3979
12 2 389 403 623 752 1557 1678 2792 3024 3249 3730 3972
3 3 411 3728
25 4 407 817 835 865 895 921 1231 1349 1388 1495 1552 1694 1829 1976 2089 2232 2483 2603 2657 2886 3174 3353 3763 3882
11 5 434 453 2170 2447 2648 2991 3385 3537 3646 3963
16 6 1657 1715 1789 1869 1963 2121 2260 2511 2698 2943 3058 3134 3478 3820 3994
17 7 1162 1336 1381 1429 1531 1640 1763 1926 2098 2257 2417 2740 2987 3223 3386 3765
22 8 1053 1100 1148 1180 1275 1357 1515 1583 1720 1759 1831 1982 2092 2236 2404 2545 2755 3018 3434 3629 4027
19 9 680 700 756 878 923 948 1710 1741 1784 1922 1991 2836 2963 3125 3339 3511 3806 4003
14 10 1525 1639 1780 1901 2000 2144 2309 2716 2961 3098 3323 3573 3918
5 11 1448 1508 3739 3978
10 12 2212 2476 2650 2778 3095 3380 3540 3779 3943
11 13 358 530 538 892 1891 2618 2914 3079 3178 3658
10 14 798 820 847 1024 1078 1247 1367 3277 3688
15 15 428 656 664 705 965 990 2289 2555 2647 2824 3148 3336 3726 4026
14 16 402 464 1684 1810 1899 2150 2229 2467 2850 3235 3475 3848 4097
15 17 905 942 1497 1600 1714 1887 2125 2256 2348 2560 2756 2894 3937 4090
17 18 1544 1619 1748 1855 1998 2087 2230 2440 2607 2794 2983 3138 3421 3669 3876 4098
9 19 1020 1096 1189 1248 1315 2959 3424 3965
11 20 2004 2168 2312 2487 2674 2859 2935 3090 3527 3714
19 21 559 726 762 871 891 2176 2264 2374 2427 2495 2572 2514 2800 2953 3284 3733 3642 4106
10 22 502 516 2222 2488 2837 3104 3216 3613 3901
11 23 372 1518 1862 1908 2009 2131 2285 2419 2623 3609
8 24 2490 2621 2788 2975 3302 3615 4063
3 25 1648 4045
10 26 394 635 793 834 870 2930 3454 3699 3998
6 27 370 977 3408 3605 3707
10 28 1132 1161 1217 1300 1337 1677 1773 3437 3829
19 29 1338 1383 1384 1467 1577 1716 1860 1983 2062 2265 2389 2551 2697 2941 3088 3314 3498 3815
18 30 734 754 1660 1809 1935 2060 2202 2328 2375 2604 2750 2844 3047 3170 3363 3539 3896
10 31 2186 2293 2486 2725 2937 3099 3372 3652 4032
12 32 682 701 741 755 913 1082 1106 3000 3326 3813 4077
13 33 462 477 501 2376 2462 2653 2784 3028 3196 3501 3755 4128
13 34 387 643 691 715 737 1816 1928 2875 3063 3179 3529 3718
7 35 446 460 486 1948 2103 3888
9 36 500 967 1034 1126 1235 3285 3559 3919
9 37 1669 1802 1914 2091 2199 2494 3599 3855
29 38 577 590 606 625 631 997 1043 1076 1091 1114 1170 1195 1250 1403 1447 1514 1620 1721 1777 1873 1961 2123 2544 2727 3021 3490 3886 4102
23 39 597 619 644 660 671 687 733 789 810 822 844 872 897 1378 1806 1933 2046 2191 2406 3476 3761 4117
18 40 398 886 901 956 978 1808 1880 1962 2076 2140 2327 2439 2683 2810 3348 3778 3961
10 41 2233 2397 2533 2701 2821 3004 3306 3403 3624
5 42 362 3267 3713 4014
18 43 472 541 554 560 580 690 710 753 782 796 2349 2919 2985 3199 3356 3601 3929
13 44 1790 1883 2023 2115 2321 2559 2567 2857 3081 3225 3375 3781
17 45 350 395 406 668 1213 1265 1320 1335 1453 1592 1722 1794 1911 3748 3823 3967
6 46 1059 1099 3157 3787 4129
9 47 2303 2410 2645 2913 3180 3552 3881 4083
12 48 730 2049 2261 2441 2484 2873 3105 3327 3528 3809 3999
11 49 388 797 1239 1323 2677 2834 2956 3279 3571 3794
15 50 1436 1481 1613 1711 1876 1992 2114 2180 2329 2589 2870 3102 3508 4081
13 51 545 593 600 654 669 760 783 1484 2949 3186 3470 3927
14 52 840 922 933 954 1010 2449 2688 2772 2951 3111 3289 3436 3835
17 53 436 449 792 821 1485 1563 1679 1787 1866 1987 2077 2227 2296 3388 3485 3647
16 54 586 596 604 757 1201 1373 1428 2271 2358 2612 2818 3001 3071 3445 3884
8 55 641 2143 2656 3012 3242 3594 4043
11 56 831 850 907 884 953 2753 3022 3165 3272 3691
17 57 716 873 908 927 962 974 1036 1089 1139 1173 1245 1327 2863 3184 3482 3786
14 58 684 731 2105 2235 2352 2625 2782 2929 3137 3426 3504 3819 4065
9 59 562 1113 1184 2717 2960 3246 3690 3821
20 60 409 523 533 719 736 781 811 837 860 2201 2364 2531 2637 2721 2922 3139 3432 3577 3865
10 61 397 431 526 544 556 2528 3374 3579 4029
12 62 440 910 941 983 1667 1745 1906 1990 3438 3687 4104
2 63 3964
3 64 849 3548
8 65 2283 2379 2549 2786 3112 3268 3397
18 66 771 813 828 1513 1606 1692 1804 1827 1925 2032 2171 2318 2478 2570 2681 3822 4130
6 67 607 1522 3048 3495 4030
18 68 381 853 1090 1118 1151 1200 1237 1822 2006 2269 2383 2542 2879 3207 3362 3607 3931
14 69 400 536 893 938 971 1008 1138 1211 2854 2962 3208 3427 3758
14 70 564 616 2043 2159 2234 2433 2503 2744 2831 3031 3241 3598 3909
18 71 630 657 1070 1111 1133 1190 1261 1405 1476 1516 1559 2923 2971 3187 3395 3784 3973
11 72 998 1033 1061 1643 1738 3133 3411 3536 3653 4041
20 73 430 659 674 698 732 1628 1691 1817 1893 1985 2068 2279 2415 2539 2793 2737 3190 3521 3749
11 74 507 874 909 943 981 1009 1060 1117 1185 3512
3 75 3795 4070
5 76 601 610 647 4088
5 77 1942 2137 2254 3800
10 78 360 563 578 2761 2868 3126 3492 3768 4099
13 79 1986 2074 2274 2373 2691 2877 2933 3144 3229 3505 3732 3900
19 80 483 995 1025 1063 1112 1574 1659 1717 1765 2033 2174 2452 2718 2883 3224 3567 3729 3861
16 81 442 1753 1843 1950 2042 2130 2220 2242 2416 2619 2774 3080 3329 3589 3770
17 82 413 553 576 585 723 1317 1389 1454 1769 1852 1944 2072 2213 3037 3204 3464
7 83 573 2134 3291 3458 3754 3935
6 84 583 855 900 3626 4108
2 85 3905
15 86 778 787 1811 1940 2047 2317 2394 2629 2811 2973 3128 3467 3560 4013
14 87 517 1965 2036 2204 2281 2429 2624 2738 2827 3042 3381 3620 4036
13 88 1662 1754 1923 2052 2128 2216 2550 2704 2912 3175 3399 4116
9 89 390 2390 2597 2748 2986 3282 3480 3334
7 90 367 764 3055 3370 3509 3957
11 91 461 866 925 944 1130 1181 1954 3201 3453 3939
20 92 645 827 1169 1262 1390 1535 1700 1798 2093 2117 2241 2319 2461 2640 2720 2804 3169 3459 3782
4 93 470 3725 3968
16 94 365 468 525 546 565 589 605 624 2547 2734 2932 2881 3262 3576 3985
17 95 750 780 805 833 868 876 1455 1528 1567 1601 2395 2702 3008 3218 3383 3578
18 96 779 795 804 808 1579 1703 1774 1849 1984 2067 2525 2710 2866 3142 3499 3752 4016
14 97 1044 1094 1137 1222 1282 1369 2536 2709 2938 3136 2796 3635 3926
3 98 3645 4024
12 99 743 784 809 1655 2466 2671 2920 3221 3309 3535 3893
15 100 963 1437 1432 1617 1702 1850 1996 2189 2472 2594 2907 3290 3494 3727
6 101 825 3086 3313 3597 3970
11 102 356 522 704 714 1727 2746 2891 3156 3545 3977
8 103 2369 2571 2537 2911 3054 3315 3764
14 104 1119 1971 2153 2297 2492 2680 2832 2948 3197 3497 3664 3801 4001
11 105 1846 1967 2340 2453 2706 3027 3189 3538 3555 4023
8 106 490 947 1001 3093 3209 3337 3673
11 107 484 497 2231 2302 2431 2970 3245 3484 3744 4073
6 108 392 551 574 2423 4095
23 109 646 945 1146 1202 1348 1413 1554 1588 1661 1821 1958 2019 2251 2400 2598 2759 2918 3101 3255 3389 3654 3933
6 110 539 688 711 3608 3944
12 111 528 547 2065 2151 2362 2588 2767 2988 3127 3602 3836
12 112 814 1696 1812 1973 2073 2221 2465 2641 3007 3365 3678
17 113 1605 1671 1788 1977 2192 2330 2477 2584 2665 2803 3011 3161 3294 3549 3709 4092
17 114 1423 1475 1580 1752 1854 1949 2083 1877 2360 2601 2669 2924 3068 3401 3657 3945
11 115 634 1845 2059 2747 2940 3106 3288 3488 3618 3788
10 116 621 2054 2198 2411 2556 2979 3085 3430 4086
11 117 485 1708 1801 2592 2763 2816 3114 3384 3704 4064
8 118 1236 1295 2512 2663 2925 3425 3903
5 119 2916 3396 3700 3891
7 120 2703 2901 3162 3366 3506 3766
11 121 1885 2011 2286 2459 2580 2777 2974 3316 3637 3949
12 122 1093 1120 1159 1252 1340 1452 1533 2992 3341 3771 3981
8 123 620 640 1751 1778 3496 3805 4082
3 124 3580 3947
4 125 673 697 3827
3 126 3227 4049
5 127 2224 2335 2518 3897
9 128 384 587 2366 2692 2783 3522 3672 4078
11 129 1206 1297 1492 1576 1830 1898 2155 3473 3796 3913
7 130 401 1153 1374 1635 3724 4068
12 131 790 815 826 1560 1656 1740 1848 2020 2217 3636 3989
8 132 448 2460 2579 2801 3129 3407 3790
5 133 655 3152 3606 4096
12 134 474 480 2188 2253 2381 2498 2805 2965 3331 3814 4103
9 135 540 557 699 1512 1582 1627 3546 3934
12 136 1182 1232 1358 1416 1473 2815 2978 3115 3447 3660 3991
6 137 1345 2990 3167 3604 3775
13 138 364 1225 1333 2039 2203 2398 2557 2757 3036 3429 3798 3870
8 139 1228 1306 1427 1507 1637 3639 3880
13 140 613 864 1056 1127 1209 1853 2037 2195 2463 2611 3582 3906
15 141 504 520 1366 1420 1479 1705 2237 2365 2515 2620 2905 3203 3455 3773
9 142 1316 2050 2138 2226 2355 2659 3644 4054
20 143 667 689 721 748 1155 1305 1920 2040 2161 2377 2614 2764 2829 2889 3060 3333 3804 3875 4123
9 144 396 2291 2689 2944 3211 3441 3792 4052
7 145 2585 2997 3094 3330 3622 3746
17 146 1318 1490 1642 1737 1686 1909 2081 2154 2304 2425 2578 2809 3150 3398 3681 4007
7 147 451 2527 2678 3518 3774 4056
17 148 1045 1085 1166 1281 1795 1895 1972 2100 2206 2370 2599 3016 3181 3439 3596 3842
16 149 1688 1767 1886 2063 2197 2385 2499 2673 2779 2876 3033 3220 3376 3487 3871
8 150 481 911 946 3110 3354 3640 4040
13 151 1196 1254 1803 1907 2070 2228 2502 2758 3051 3239 3503 3422
14 152 361 775 807 1022 2378 2501 2569 2732 2921 3049 3276 3514 3802
15 153 728 1226 1293 1396 2044 2240 2407 2693 2950 3066 3307 3634 3695 4044
10 154 1105 2473 2513 2713 2853 3075 3359 3719 3856
5 155 1212 3324 3584 3877
9 156 351 1517 1623 1665 3254 3349 3463 3948
9 157 695 1541 1593 1653 3163 3350 3600 4107
13 158 423 1322 1385 2315 2524 2828 2999 3151 3419 3533 3710 3892
7 159 368 2565 3442 3556 3816 3988
16 160 1312 1391 1480 1587 1645 1730 1867 2010 2129 2287 2422 2540 2791 3612 4093
5 161 572 582 3889 4124
14 162 1238 1294 1365 1430 1511 1590 1668 1739 2939 3005 3338 3630 3866
16 163 438 1021 1067 1149 1187 1221 1271 1341 1450 1543 2007 3335 3550 3803 3984
18 164 458 1203 1286 1353 1441 1549 1706 1881 2167 2292 2470 2685 2835 3040 3155 3631 3734
16 165 1083 1135 1186 1215 1393 2079 2181 2344 2491 2605 2822 3045 3343 3659 3830
5 166 2392 2504 3564 3953
18 167 444 906 920 970 1005 1532 1670 1699 1832 1980 1957 2135 2445 2635 2781 2980 4059
12 168 549 1023 1080 1145 1172 1251 1216 1398 1504 1651 3721
7 169 761 1018 1397 3666 3859 3997
10 170 404 405 415 2078 2249 3073 3387 3628 4020
7 171 421 427 2124 2187 2288 3974
10 172 2238 2334 2475 2590 2845 3084 3259 3697 3890
25 173 473 493 513 524 964 994 1019 1380 1442 1565 1650 1733 1838 1953 2106 2356 2500 2660 2884 3050 3183 3413 3670 3902
13 174 488 1134 1204 1279 1890 1952 2147 2371 2780 3109 3417 4021
11 175 357 414 852 2454 2654 2843 3044 3265 3532 3793
14 176 1069 1129 1440 1537 1658 1771 1836 1955 2185 2386 3107 3592 4074
11 177 506 1362 1409 1462 1581 1664 1791 3264 3457 3853
9 178 686 717 1937 2066 2205 2298 2436 3951
9 179 1015 2368 2516 2802 3053 3446 3575 3923
15 180 894 1744 1834 1915 1999 2071 2207 2412 2554 2865 3057 3451 3731 3930
8 181 1912 2022 2239 2456 3032 3320 3838
13 182 376 677 2270 2448 2566 2705 3020 3215 3474 3588 3854 4034
9 183 802 818 1782 1870 2027 2149 3852 4100
9 184 476 487 505 863 904 934 969 4012
12 185 469 1284 1343 1414 1443 1503 3076 3177 3431 3685 4010
14 186 1505 1594 1844 1951 2051 2156 2245 2482 2652 2945 3140 3440 3705
14 187 352 373 555 575 2325 2468 2646 2770 2872 3065 3382 3665 4046
13 188 379 799 839 883 957 1002 1027 2813 2776 3295 2902 3869
14 189 661 1603 1674 1818 1989 2120 2363 2573 2726 2897 3206 3534 4055
18 190 498 512 727 1158 1197 1256 1344 1446 2339 2435 2616 2826 3113 3213 3357 3638 3938
22 191 382 702 725 1233 1299 1368 1421 1489 1597 1675 1783 1904 2026 2223 2343 2541 2628 2797 3003 3171 3828
10 192 2085 2252 2469 2700 3019 3121 3312 3565 3908
3 193 819 3663
12 194 521 581 1994 2163 2308 2437 2639 2799 3130 3526 3839
15 195 1553 1591 1704 1840 1943 2141 2341 2444 2787 3002 3409 3591 3818 4115
8 196 2057 2190 2353 2530 3118 3410 3738
6 197 1680 1800 1921 3711 3940
12 198 670 683 712 1406 1477 1607 2636 2742 3143 3745 4112
9 199 579 1207 1249 1328 1486 2284 2388 4019
14 200 515 499 529 615 633 812 898 1468 1551 3158 3406 3633 3907
3 201 1154 4060
3 202 3581 3867
6 203 561 2874 2814 3373 3742
4 204 531 3715 4101
9 205 2299 2403 2651 2722 2882 3443 3885 4048
21 206 1307 1364 1434 1524 1602 1652 1742 1847 1815 2030 2162 2294 2342 2534 2662 2823 2998 3297 3603 3883
6 207 363 537 3448 3676 3980
19 208 433 1179 1240 1308 1387 1465 1599 1707 1750 1960 2108 2322 2426 2626 2895 3317 3507 4067
7 209 478 916 966 2972 3310 3753
17 210 720 745 772 999 1026 1142 1220 1270 2595 2768 3023 3392 3471 3643 3760 4127
14 211 859 1837 1941 1947 2035 2139 2387 2546 2808 3038 3273 3513 4047
3 212 3351 3701
18 213 706 735 1566 1701 1819 1882 1995 2090 2276 2464 2574 2715 2989 3281 3566 3915 4080
18 214 763 1041 1269 1321 1386 1472 1530 1624 1633 1859 2018 2178 2346 2480 3703 3912 4075
5 215 420 511 3520 3982
12 216 454 1055 1098 1183 1464 2434 2707 2878 3077 3416 3954
17 217 1382 1424 1519 1649 1693 1779 1927 2048 2164 2259 2354 2519 2634 3355 3832 3992
6 218 1792 1864 3500 3780 4031
12 219 527 612 627 642 653 672 1072 1274 1298 3720 3993
8 220 441 1638 2762 2871 3243 3617 3874
19 221 437 514 823 1527 1595 1746 1828 1913 2014 2196 2323 2520 2771 3059 3303 3472 3817 4085
11 222 830 861 879 887 937 2526 2723 3069 3420 3824
17 223 614 1456 1556 1622 1713 1856 1929 2012 2172 2396 2593 2830 2981 3319 3561 3878
4 224 3328 3491 3662
12 225 650 881 917 968 992 1038 1092 1121 1191 1289 4109
12 226 877 929 979 1030 1079 2617 2751 3035 3210 3656 3955
5 227 378 2310 2451 4050
12 228 626 636 663 675 696 2909 3083 3233 3481 3722 4009
23 229 412 658 1101 1171 1242 1329 1332 1435 1598 1768 1918 2034 2166 2266 2361 2615 2736 2968 3061 3263 3706 4033
6 230 532 568 709 722 3846
19 231 685 703 718 759 980 993 1031 1474 1966 2055 2263 2564 2899 3064 3286 3583 3767 4002
11 232 439 2209 2300 2606 2739 2958 3176 3390 3682 3847
3 233 3610 3966
14 234 747 773 786 1227 2069 2258 2313 2600 2833 3056 3153 3757 4006
11 235 1872 1969 2119 2509 2687 2847 3124 3345 3519 3898
5 236 452 570 592 4076
14 237 639 724 739 767 1234 1288 2402 2613 2852 3009 3300 3675 3986
13 238 429 445 456 467 2430 2596 2699 2841 3123 3465 3627 3969
7 239 637 2632 2864 3017 3347 3894
8 240 2214 2347 2649 2838 3078 3428 3797
18 241 896 926 959 1194 1277 1631 1723 1805 1905 2088 2246 2414 2575 2749 2898 3082 4028
9 242 1303 1324 1451 1488 1586 1666 1766 3920
19 243 508 989 1066 1143 1243 1347 1757 1781 1823 1897 1841 2132 2326 2493 2931 3275 3756 4011
21 244 987 1077 1176 1219 1267 1355 1377 1470 1796 1936 2005 2112 2272 2350 2489 2627 2846 3212 3400 3917
11 245 740 769 2481 2807 3087 3222 3344 3649 3844 4110
9 246 1040 1087 1150 2798 2915 3147 3412 4079
21 247 912 928 986 1028 1068 1103 1188 1301 1359 1425 1509 2008 2479 2714 2849 3089 3558 3623 3737 4062
8 248 936 2887 3072 3292 3517 3747 4061
8 249 652 1968 2028 2152 2367 3632 3914
11 250 475 729 758 791 824 2954 3280 3405 3840 4094
9 251 1964 2182 2510 2672 2766 3154 3568 3857
18 252 510 628 679 692 1770 1878 2017 2148 2332 2413 2658 2789 2947 3214 3486 3668 3921
3 253 2084 3936
15 254 777 794 816 842 919 951 2622 2690 2969 3141 3266 3394 3776 4004
9 255 851 903 939 950 2848 3091 3318 3740
5 256 380 496 3547 4000
12 257 552 566 1939 2102 2280 2728 2867 3100 3296 3651 3928
16 258 603 665 678 693 738 751 768 801 932 1540 2675 2908 3097 3423 3785
6 259 648 662 681 694 4017
16 260 1084 1141 1167 1223 1326 1418 1500 1538 1729 1879 2001 2116 2338 3811 4119
3 261 519 4022
12 262 1884 2056 2179 2250 2408 2505 2711 3108 3418 3689 3959
22 263 829 1035 1057 1109 1058 1259 1311 1523 1654 1734 1865 2095 2183 2351 2602 2731 2861 2936 3293 3593 3952
8 264 746 765 1255 2582 3360 3661 3570
3 265 3228 3674
6 266 518 3146 3325 3648 3851
12 267 1371 1422 1471 1539 1589 1731 1896 1946 3217 3516 4066
8 268 976 988 1263 2267 3248 3352 3686
19 269 1291 1339 1412 1491 1521 1614 1685 1756 1902 2064 2290 2609 2839 2993 3237 3586 3941 4126
9 270 749 2075 2765 2906 2946 3260 3611 4111
16 271 386 841 862 915 930 975 1017 1572 1673 1732 1814 1892 1993 3563 3916
20 272 1081 1198 1285 1417 1487 1546 1585 1719 1842 1930 2045 2160 2333 2529 2610 2785 3034 3542 4053
11 273 408 435 482 492 788 2754 2996 3226 3483 3671
9 274 766 785 800 838 845 3192 3450 3693
8 275 371 2733 2942 3274 3531 3684 3925
34 276 393 450 457 471 854 902 931 972 1012 1049 1123 1208 1276 1309 1372 1444 1526 1608 1683 1749 1888 2096 2314 2446 2508 2670 2760 3015 3195 3271 3461 3530 4071
4 277 3342 3667 3956
10 278 742 1047 1104 1175 1268 3194 3402 3677 4008
22 279 1039 1095 1144 1157 1116 1244 1354 1460 1611 1755 1825 1945 2094 2219 2401 2664 2957 3131 3433 3825 4035
16 280 366 1278 1375 1712 1807 1903 2053 2133 2337 2608 2817 3202 3367 3812 4057
6 281 383 503 3231 3562 3950
6 282 2964 3182 3278 3595 3942
4 283 3244 3460 3887
6 284 1350 3026 3311 3489 3863
14 285 918 949 982 1007 1071 2471 2583 2745 2927 3119 3283 3544 4039
16 286 369 774 1016 1042 1108 1615 2474 2686 2825 2926 3074 3257 3173 3679 4122
7 287 2643 2896 3062 3230 3371 3655
13 288 399 1772 1863 1981 2109 2194 2421 2682 2885 3159 3378 3987
13 289 426 2113 2200 2311 2424 2562 2769 3067 3299 3616 3962 4120
13 290 534 542 1342 1469 1573 1621 1761 1861 1997 2157 3358 3879
10 291 410 1218 1272 1292 1399 2952 3258 3449 3860
18 292 611 776 1088 1147 1174 1264 1334 1410 1457 1520 1604 1709 1775 1851 3043 3332 3621
3 293 1363 3751
6 294 422 432 447 3553 4015
5 295 359 599 960 3910
8 296 1296 1496 1610 1695 1725 1793 3572
5 297 836 2984 3493 3843
19 298 1426 1463 1545 1609 1726 1786 1919 2061 2097 2136 2295 2420 2586 2819 2982 3234 3698 3958
9 299 848 880 1483 1562 1690 3236 3379 3750
19 300 595 885 1302 1408 1558 1625 1764 1979 2082 2169 2438 2538 2735 2862 3145 3298 3619 3983
9 301 594 609 638 2111 2278 2497 3743 3911
5 302 869 3164 3524 3864
11 303 858 899 935 1107 1313 2858 3052 3287 3574 4018
4 304 419 3845 4069
15 305 708 1360 1438 1458 1578 1681 1718 1875 3014 3240 3304 3477 3759 3922
8 306 355 955 996 1046 1131 1199 4005
28 307 961 991 1029 1062 1124 1163 1230 1273 1330 1433 1548 1626 1889 1975 1978 2282 2399 2432 2591 2724 2806 2967 3172 3305 3502 3834 4038
15 308 466 495 1065 1110 1400 1449 1874 2038 2101 2243 2442 2661 3543 3723
13 309 418 806 2146 2208 2331 2523 2900 3149 3468 3783 3995 4091
23 310 602 618 832 890 1214 1260 1304 1379 1402 1564 1663 1760 1833 1931 1974 2126 2248 2359 2517 2729 3232 4042
8 311 489 491 2485 2561 3030 3364 3924
15 312 1534 1641 1747 1894 2021 2177 2380 2708 2775 3096 3238 3301 3391 3696
14 313 548 571 588 889 1813 1934 2013 2145 2215 3006 3479 3777 4118
12 314 374 1478 1736 1959 2086 2184 2405 2638 2719 3541 4051
18 315 1290 1370 1415 1547 1632 1676 1799 1956 2041 2443 2633 2679 2934 3166 3322 3614 3873
14 316 1482 1568 1636 1762 2058 2273 2676 2888 3168 3250 3346 3680 3975
11 317 1319 1394 1493 1644 1697 2903 3205 3393 3683 3791
14 318 770 1331 1404 2015 2127 2277 2357 2506 2743 3029 3321 3590 3826
24 319 463 1014 1051 1102 1178 1310 1401 1461 1529 1630 1687 1776 1932 1988 2080 2316 2568 2666 2855 3070 3466 3702 3976
12 320 465 535 1013 985 1075 1136 2892 3039 3270 3452 4084
7 321 2553 2668 3252 3515 3833 4072
8 322 617 2428 2642 2977 3191 3585 3849
16 323 543 1411 1459 1555 1618 1735 1824 1916 2631 2790 2955 3188 3435 3650 3837
9 324 875 1003 1074 1160 1266 2002 2107 4121
11 325 888 924 940 2225 2211 2455 2587 3361 3641 4089
18 326 958 1004 1048 1073 1168 1205 1241 1325 1407 1506 1584 1672 2712 2928 3251 3525 3899
9 327 354 882 2268 2450 2532 2880 2994 3850
15 328 375 417 425 509 2003 2218 2324 2372 2558 2752 2860 3122 3414 3789
9 329 1152 1258 1356 1431 1536 1596 3716 3904
22 330 377 391 558 567 622 1351 1419 1501 1542 1612 1728 1839 1910 2175 2307 2393 2457 2535 2630 3569 3946
11 331 632 1616 1724 1917 2099 2910 3185 3415 3735 4114
14 332 550 569 591 1011 1052 1097 1128 1193 1253 1314 1392 1445 4113
9 333 353 584 598 629 651 1868 3551 3799
21 334 608 1000 1037 1054 1122 1164 1224 1287 1858 1924 2029 2173 2305 2384 2576 2893 3261 3523 3694 4025
12 335 843 2165 2244 2336 2496 2581 2795 3117 3269 3510 3741
15 336 385 459 1510 1575 1743 2025 2210 2577 2694 2890 3046 3253 3772 4125
12 337 713 744 914 952 984 1006 1064 1140 1177 3587 3990
5 338 416 424 973 3895
18 339 666 676 707 1165 1210 1283 1395 1466 1498 1550 2563 2842 3132 3469 3554 3831 3960
7 340 2543 2840 3010 3135 3377 3712
4 341 3198 3404 3862
12 342 1050 1115 2118 2320 2644 2851 2966 3200 3557 3807 3971
16 343 443 455 1758 1835 1900 2024 2110 2262 2382 2695 2856 2995 3219 3340 3625
13 344 1857 1970 2122 2275 2418 2548 2655 2741 3013 3160 3369 3762
17 345 649 856 1785 1871 1938 2104 2193 2301 2409 2521 2730 2820 3025 3247 3368 3868
15 346 1246 1280 1352 1439 1561 1629 2306 2522 2684 2812 2904 3193 3456 3872
12 347 1086 1494 1571 1646 1689 1826 2016 3256 3462 3736 4105
16 348 1032 1125 1192 1229 1361 2142 2247 2458 2552 2773 3041 3120 3308 3692 3996
14 349 1502 1570 1682 1797 2031 2696 2917 2976 3103 3092 3444 3717 3858